PreprocessorDefinitions=
Techniques=

[AmbientLight.fx]
alAdapt=0.700000
alAdaptBaseBlackLvL=2
alAdaptBaseMult=1.000000
alDebug=0
alDirtInt=1.000000
alDirtOVInt=1.000000
alInt=10.150000
alLensInt=2.000000
alLensThresh=0.500000
alThreshold=15.000000
AL_Adaptation=1
AL_Adaptive=0
AL_Dirt=1
AL_DirtTex=0
AL_Dither=1
AL_Lens=0
AL_Vibrance=0

[CnCUIskip.fx]
Isolate_UI=1

[FakeHDR.fx]
HDRPower=1.300000
radius1=0.793000
radius2=0.870000

[HeatHaze.fx]
bHeatHazeDebug=0
fHeatHazeChromaAmount=0.300000
fHeatHazeOffset=4.400000
fHeatHazeSpeed=1.800000
fHeatHazeTextureScale=1.000000

[LumaSharpen.fx]
offset_bias=1.000000
pattern=1
sharp_clamp=0.035000
sharp_strength=0.650000
show_sharpen=0

[MagicBloom.fx]
f2Adapt_Clip=0.000000,1.000000
fAdapt_Sensitivity=1.000000
fAdapt_Speed=0.100000
fBloom_Intensity=1.000000
fBloom_Threshold=2.000000
fDirt_Intensity=0.000000
fExposure=0.500000
iAdapt_Precision=2
iDebug=0

[PD80_02_Bloom.fx]
bExposure=0.000000
BKelvin=6500
BloomLimit=0.333000
BloomMix=0.500000
BloomSaturation=0.000000
BlurSigma=30.000000
debugBloom=0
dither_strength=2.000000
enableBKelvin=0
GreyValue=0.333000

[PD80_04_Contrast_Brightness_Saturation.fx]
brightness=0.000000
brightnessD=0.000000
contrast=0.000000
contrastD=0.000000
depthCurve=1.000000
depthEnd=0.100000
depthStart=0.000000
display_depth=0
dither_strength=1.000000
enable_depth=0
enable_dither=1
exposureD=0.000000
exposureN=0.000000
huemid=0.000000
huerange=0.167000
saturation=0.000000
saturationD=0.000000
sat_a=0.000000
sat_b=0.000000
sat_custom=0.000000
sat_g=0.000000
sat_m=0.000000
sat_p=0.000000
sat_r=0.000000
sat_y=0.000000
tint=0.000000
vibrance=0.000000
vibranceD=0.000000

